Residue,Phi,Psi,AngCor
0,2,0.0,19.194788918014854,0.02982156119096724
1,3,-4.564977322800291,53.77154511551487,0.02982156119096734
2,4,-49.50825144573393,-92.77164173910214,-0.015227290811755398
3,5,-102.49544123513945,114.19566175400612,0.02982156119096734
4,6,-130.84170200285195,12.665360317914832,0.02941556633110173
5,7,-117.96386181729099,-9.109975822029028,-0.02493687189291179
6,8,-79.39689438693414,-33.77394730753531,-0.05987014795461254
7,9,-69.86289144259935,-14.116655267842344,-0.05987014795461263
8,10,-106.23587999833087,21.55668999157172,0.02941556633110173
9,11,-76.02256050983713,-27.970449522884472,0.04040884093025534
10,12,-71.20777680417062,115.5081233536669,-0.05987014795461254
11,13,-103.5624201175398,37.175927600979584,-0.024936871892911796
12,14,63.041307029914,22.323955218369484,-0.015227290811755398
13,15,-92.85259924809095,64.19286823791118,0.02982156119096734
14,16,-92.9009790982773,8.977732034973439,0.02982156119096734
15,17,-122.35493270844759,118.25182920949024,0.025378818019592225
16,18,-55.8248014228182,-31.735971678212643,-0.07342540304141595
17,19,-115.45412467254307,-56.88318513268352,0.021273193429121845
18,20,-64.97708407777023,115.27427054535966,0.02941556633110173
19,21,-128.01943109401867,46.61567669762902,0.02941556633110173
20,22,32.010078957221744,106.33350541874574,-0.07342540304141595
21,23,-65.51553453739783,112.180180683614,0.02941556633110173
22,24,-144.36980131016782,142.78089865199712,0.02982156119096734
23,25,-82.86277323932116,81.90803035406749,0.02982156119096734
24,26,-60.310268862438896,45.54540534842528,-0.007625497987001565
25,27,-80.69071529461772,-62.805590968271005,-0.05987014795461261
26,28,-137.509508947645,-14.53617997427693,-0.015227290811755473
27,29,-86.90537923695426,8.877767673319726,-0.020055349935416834
28,30,-154.0181105243767,97.66499887204482,0.029415566331101685
29,31,-93.50167450556617,125.75809558792294,-0.0076254979870015605
30,32,-116.09096402393216,90.93485129990452,0.02982156119096734
31,33,-24.53192786978939,-92.81763497708928,0.02982156119096734
32,34,-85.86823704666048,7.10316937160876,0.040408840930255326
33,35,-53.23508539112025,-41.684231457996965,-0.01522729081175543
34,36,-60.85977999603396,-55.51166384237204,-0.01522729081175543
35,37,-52.92345002722088,-49.87005919932376,0.04040884093025534
36,38,-55.31948062932712,-55.45393759542461,0.04040884093025534
37,39,-63.628901598102196,-47.8511479758483,-0.015227290811755457
38,40,-56.033319458711574,-38.905054918845664,-0.01522729081175543
39,41,-72.61160943692309,-56.99141633603391,0.029415566331101713
40,42,-53.273123408219604,-31.92075072245155,0.029415566331101713
41,43,-52.947323173323504,-60.84968976976889,-0.01522729081175543
42,44,-90.72587056557617,5.230935314431932,-0.024936871892911803
43,45,-37.506261273716426,-43.34269252466136,-0.07342540304141591
44,46,133.64731005476705,-36.81240652266187,-0.07342540304141591
45,47,91.26646089683008,-1.574068382484785,0.02941556633110173
46,48,-38.705734170646416,96.80421215356225,-0.059870147954612554
47,49,-122.9122424024177,116.7113729178682,-0.059870147954612554
48,50,-116.38010192588062,94.87038610306794,0.025378818019592218
49,51,-62.74511239619311,69.9871095622398,0.029415566331101716
50,52,-72.29358514604921,6.54466021329281,-0.07342540304141591
51,53,-70.00505876578195,-2.8093043891017317,0.029821561190967332
52,54,-69.35720917879244,119.24832285443742,0.025378818019592218
53,55,49.50925793423197,-122.93281345386251,0.025378818019592218
54,56,-61.16706448232735,134.74200854136922,0.029821561190967332
55,57,-78.33890477481481,0.0,-0.08173738429479391
